country,year,gdp_growth,gdp_nominal,gdp_per_capita_nominal,gdp_ppp,gdp_per_capita_ppp,gdp_ppp_share
DOM,2019,5.1,89.032,8595.18,214.845,20741.332,0.154
DOM,2020,-6.7,78.923,7553.509,209.932,20092.118,0.151
USA,2019,2.6,21539.975,65561.32,21539.975,65561.32,15.448
USA,2020,-2.2,21354.125,64461.618,21354.125,64461.618,15.349
ZMB,2019,1.4,23.309,1268.125,62.233,3385.798,0.045
ZMB,2020,-2.8,18.138,958.265,60.176,3179.265,0.043
VUT,2019,3.2,0.93,3187.38,0.84,2879.233,0.001
VUT,2020,-5,1.008,3341.002,0.809,2679.955,0.001
TON,2019,-0.2,0.445,4434.799,0.621,6189.266,0
TON,2020,1.3,0.445,4438.581,0.638,6359.446,0
GHA,2019,6.5,68.352,2265.705,187.633,6219.567,0.135
GHA,2020,0.5,70.005,2274.469,192.835,6265.228,0.139
MDV,2019,7.3,5.716,15374.179,11.255,30275.11,0.008
MDV,2020,-32.9,3.706,9803.066,6.741,17833.051,0.005
URY,2019,0.9,62.23,17686.109,87.589,24893.528,0.063
URY,2020,-7.4,53.666,15198.839,87.618,24814.452,0.063
FJI,2019,-0.6,5.444,6079.485,12.095,13505.507,0.009
FJI,2020,-17,4.432,4920.014,10.28,11410.522,0.007
SLB,2019,1.7,1.619,2278.163,1.596,2245.992,0.001
SLB,2020,-3.4,1.536,2118.582,1.563,2155.352,0.001
GEO,2019,5.4,17.645,4738.796,62.388,16755.191,0.045
GEO,2020,-6.3,16.013,4308.286,62.509,16817.378,0.045
SEN,2019,4.6,23.405,1436.224,59.655,3660.65,0.043
SEN,2020,1.3,24.534,1465.244,62.926,3758.161,0.045
GMB,2019,6.2,1.806,768.921,5.95,2533.134,0.004
GMB,2020,0.6,1.809,747.886,6.367,2631.596,0.005
NRU,2019,8.5,0.125,10567.406,0.102,8617.155,0
NRU,2020,2,0.125,10346.097,0.105,8734.165,0
TTO,2019,0.4,23.776,17043.863,40.494,29028.396,0.029
TTO,2020,-9.1,20.808,14868.061,36.393,26004.521,0.026
BGD,2019,7.9,351.238,2154.227,997.25,6116.365,0.715
BGD,2020,3.4,373.902,2270.348,1104.316,6705.448,0.794
BHR,2019,2.1,40.447,27259.744,83.98,56599.521,0.06
BHR,2020,-5.9,35.838,24342.844,78.669,53436.032,0.057
MLT,2019,4.1,16.34,33105.744,25.897,52470.855,0.019
MLT,2020,-3.5,16.373,31818.84,25.731,50004.825,0.018
UZB,2019,6.8,67.294,2023.534,281.653,8469.366,0.202
UZB,2020,1.6,66.443,1959.678,283.863,8372.248,0.204
KEN,2019,5.1,100.328,2107.735,240.007,5042.165,0.172
KEN,2020,-0.3,100.912,2067.987,250.232,5127.992,0.18
TCD,2019,6.6,14.917,935.428,39.267,2462.353,0.028
TCD,2020,-2.1,14.615,889.735,36.798,2240.207,0.026
LBY,2019,-11.2,69.237,10525.706,112.565,17112.593,0.081
LBY,2020,-29.5,46.893,7058.334,77.181,11617.318,0.055
EST,2019,3.7,31.877,24023.899,53.854,40586.344,0.039
EST,2020,-2.9,31.791,23911.344,54.067,40666.157,0.039
LBR,2019,-2.5,3.08,623.887,8.89,1800.756,0.006
LBR,2020,-3,3.037,600.475,8.168,1614.957,0.006
NIC,2019,-2.9,12.713,1940.115,38.779,5917.896,0.028
NIC,2020,-1.8,12.682,1952.183,41.035,6316.56,0.029
RUS,2019,2.2,1695.724,11465.343,4579.554,30963.855,3.284
RUS,2020,-2.7,1488.118,10074.726,4651.43,31490.712,3.343
TZA,2019,6.9,58.797,1043.939,164.885,2927.514,0.118
TZA,2020,4.5,63.373,1092.613,186.62,3217.527,0.134
SSD,2019,0.9,4.044,302.262,7.797,582.824,0.006
SSD,2020,-6.5,5.423,393.589,8.622,625.73,0.006
CAN,2019,1.9,1743.725,46430.975,1899.695,50584.055,1.362
CAN,2020,-5,1655.685,43573.195,1847.839,48630.152,1.328
POL,2019,4.4,595.968,15694.594,1347.315,35481.053,0.966
POL,2020,-2,599.458,15792.61,1376.571,36265.505,0.989
MEX,2019,-0.4,1305.2,10259.746,2638.742,20742.271,1.892
MEX,2020,-8.4,1120.832,8742.217,2453.576,19137.29,1.764
SWE,2019,2.5,532.169,51528.899,586.374,56777.432,0.421
SWE,2020,-2,545.148,52522.605,595.212,57346.067,0.428
BEL,2019,2.2,535.925,46783.103,650.523,56786.89,0.467
BEL,2020,-5.3,525.6,45615.359,643.057,55809.1,0.462
THA,2019,2.1,543.879,7811.477,1427.827,20507.22,1.024
THA,2020,-6.1,500.501,7170.503,1372.919,19669.331,0.987
KOR,2019,2.3,1751.046,33826.944,2407.645,46511.218,1.727
KOR,2020,-0.7,1744.456,33653.204,2481.996,47881.492,1.784
GTM,2019,4,77.156,4646.84,183.966,11079.627,0.132
GTM,2020,-1.8,77.718,4610.073,190.017,11271.403,0.137
KHM,2019,7.9,36.682,2281.377,101.426,6308.101,0.073
KHM,2020,-3.6,34.898,2136.009,99.39,6083.353,0.071
VNM,2019,7.4,331.818,3439.102,1071.756,11108.123,0.769
VNM,2020,2.9,346.31,3548.892,1138.632,11668.385,0.818
FIN,2019,1.3,267.044,48395.834,288.648,52311.043,0.207
FIN,2020,-2.5,269.784,48827.138,294.706,53337.577,0.212
BEN,2019,6.9,14.392,1171.015,40.076,3260.769,0.029
BEN,2020,3.8,15.674,1239.74,42.407,3354.18,0.03
PLW,2019,1.5,0.282,15992.463,0.282,15990.447,0
PLW,2020,-6,0.259,14697.164,0.269,15238.285,0
LSO,2019,-2.9,2.323,1134.4,5.644,2755.645,0.004
LSO,2020,-5.3,2.092,1014.795,5.795,2810.687,0.004
JAM,2019,1,15.808,5781.785,28.469,10412.425,0.02
JAM,2020,-9.9,13.885,5072.599,25.452,9298.4,0.018
ZWE,2019,-6.3,26.033,1705.022,49.645,3251.507,0.036
ZWE,2020,-7.8,26.878,1725.017,54.53,3499.647,0.039
MLI,2019,4.8,17.281,840.211,50.134,2437.558,0.036
MLI,2020,-1.2,17.643,831.034,50.338,2371.085,0.036
JOR,2019,1.8,44.566,4165.547,100.626,9405.461,0.072
JOR,2020,-1.1,43.762,4004.321,104.08,9523.548,0.075
AUT,2019,1.5,444.645,50192.49,537.898,60719.04,0.386
AUT,2020,-6.6,434.701,48837.35,522.625,58715.289,0.376
BRB,2019,0.7,5.788,20156.276,5.276,18370.784,0.004
BRB,2020,-15.1,5.168,17951.935,4.458,15483.649,0.003
ZAF,2019,0.3,389.245,6582.757,796.183,13464.726,0.571
ZAF,2020,-6.2,337.876,5630.983,767.391,12789.212,0.552
HTI,2019,-1.7,14.787,1277.213,35.396,3057.23,0.025
HTI,2020,-3.3,14.508,1235.476,34.892,2971.271,0.025
TGO,2019,4.9,6.993,848.341,18.743,2273.8,0.013
TGO,2020,2,7.4,876.511,20.402,2416.58,0.015
HUN,2019,4.9,164.011,16782.01,343.481,35145.915,0.246
HUN,2020,-4.5,157.289,16099.958,341.547,34960.437,0.246
IRQ,2019,5.6,236.682,6048.921,511.123,13062.877,0.367
IRQ,2020,-12.4,182.576,4547.33,448.956,11181.921,0.323
RWA,2019,9.4,10.349,836.286,29.847,2411.965,0.021
RWA,2020,-3.4,10.174,803.456,29.853,2357.497,0.021
TUR,2019,0.8,760.388,9144.221,2350.308,28264.18,1.686
TUR,2020,1.9,717.114,8576.486,2391.489,28601.538,1.719
ROU,2019,3.9,250.993,12928.148,649.93,33476.585,0.466
ROU,2020,-3.7,251.699,13021.962,660.693,34181.727,0.475
YEM,2019,2.1,21.888,702.286,64.727,2076.818,0.046
YEM,2020,-8.5,20.22,633.311,60.012,1879.653,0.043
MDG,2019,4.4,14.105,531.75,45.498,1715.3,0.033
MDG,2020,-7.1,13.051,477.375,43.15,1578.279,0.031
BOL,2019,2.2,41.193,3591.403,107.078,9335.527,0.077
BOL,2020,-8.7,36.897,3172.556,98.004,8426.851,0.07
DEU,2019,1,3957.645,47629.1,4924.979,59270.69,3.532
DEU,2020,-4.1,3936.989,47341.768,4880.368,58685.778,3.508
CHL,2019,0.6,278.04,14551.577,491.688,25733.104,0.353
CHL,2020,-6.1,254.06,13056.638,491.062,25236.623,0.353
KIR,2019,3.3,0.217,1847.108,0.309,2628.959,0
KIR,2020,-0.6,0.224,1874.17,0.311,2606.314,0
TLS,2019,2.1,2.048,1611.123,5.973,4698.816,0.004
TLS,2020,-7.2,2.163,1676.769,8.131,6304.665,0.006
SDN,2019,-2.5,31.484,728.42,183.587,4247.575,0.132
SDN,2020,-3.6,35.241,794.696,197.55,4454.8,0.142
HND,2019,2.6,24.711,2529.203,57.523,5887.529,0.041
HND,2020,-9,23.19,2332.526,54.491,5480.914,0.039
OMN,2019,-1.1,88.061,19069.329,171.026,37035.31,0.123
OMN,2020,-3.4,75.909,17076.319,159.024,35773.912,0.114
GRD,2019,0.7,1.213,10779.062,1.907,16943.246,0.001
GRD,2020,-13.8,1.043,9222.709,1.671,14768.09,0.001
SUR,2019,1.2,4.016,6715.747,11.977,20028.379,0.009
SUR,2020,-16,2.912,4782.092,10.377,17041.996,0.007
BLR,2019,1.4,64.414,6838.218,210.076,22301.593,0.151
BLR,2020,-0.7,61.312,6536.527,233.301,24872.307,0.168
COM,2019,1.8,1.188,1501.981,2.59,3274.703,0.002
COM,2020,-0.2,1.218,1510.592,2.603,3228.773,0.002
ETH,2019,9,92.608,948.851,259.535,2659.167,0.186
ETH,2020,6.1,96.611,969.014,286.176,2870.372,0.206
BGR,2019,4,68.889,9909.937,178.072,25616.355,0.128
BGR,2020,-4,70.311,10165.58,178.454,25800.987,0.128
MNG,2019,5.6,14.206,4309.049,44.457,13484.51,0.032
MNG,2020,-4.6,13.313,3965.097,45.56,13569.451,0.033
BRA,2019,1.2,1873.286,9010.512,3333.776,16035.469,2.391
BRA,2020,-3.3,1476.092,7057.072,3359.777,16062.817,2.415
UGA,2019,7.6,37.893,951.537,111.331,2795.634,0.08
UGA,2020,-1.1,37.897,919.329,113.78,2760.164,0.082
DJI,2019,5.5,3.089,3172.748,5.877,6036.474,0.004
DJI,2020,1.3,3.185,3223.83,6.188,6263.205,0.004
FRA,2019,2.1,2723.094,41831.481,3445.275,52925.444,2.471
FRA,2020,-7.6,2645.806,40536.857,3345.026,51249.728,2.404
QAT,2019,0.7,176.371,63007.696,283.662,101336.79,0.203
QAT,2020,-3.6,144.411,50962.499,229.537,81003.34,0.165
SRB,2019,4.3,51.514,7417.206,136.744,19688.953,0.098
SRB,2020,-0.9,53.356,7733.803,138.44,20066.296,0.1
GAB,2019,3.8,16.875,8111.318,36.169,17385.296,0.026
GAB,2020,-1.8,15.364,7289.442,33.624,15952.302,0.024
KWT,2019,2.3,140.855,31549.877,225.239,50450.879,0.162
KWT,2020,-4.8,111.048,25610.725,182.443,42076.157,0.131
JPN,2019,-0.4,5117.995,40547.967,5404.463,42817.548,3.876
JPN,2020,-4.2,5054.094,40160.067,5356.738,42564.888,3.85
NPL,2019,6.7,34.186,1185.682,121.063,4198.841,0.087
NPL,2020,-2.4,33.434,1139.192,122.69,4180.437,0.088
ISL,2019,1.9,24.681,70625.477,21.823,62445.341,0.016
ISL,2020,-6.9,21.63,61094.329,20.447,57754.297,0.015
MWI,2019,5.4,11.031,543.685,27.521,1356.486,0.02
MWI,2020,1,11.847,567.59,29.543,1415.382,0.021
AFG,2019,3.9,18.876,499.762,97.801,2589.41,0.07
AFG,2020,-2.4,20.136,516.664,100.898,2588.961,0.073
TKM,2019,-3.7,53.035,8611.769,123.474,20049.621,0.089
TKM,2020,-2.1,52.385,8381.012,119.913,19184.739,0.086
ERI,2019,3.8,1.982,566.731,6.369,1821.279,0.005
WSM,2019,4.5,0.913,4472.223,1.217,5961.186,0.001
WSM,2020,-3.1,0.869,4308.015,1.195,5923.682,0.001
PRY,2019,-0.4,37.925,5302.239,92.185,12888.199,0.066
PRY,2020,-0.8,35.432,4885.396,94.492,13028.592,0.068
AND,2019,2,3.155,40688.491,4.395,56682.724,0.003
AND,2020,-11.2,2.885,36973.845,4.031,51671.809,0.003
GBR,2019,1.6,2853.074,42712.614,3335.878,49940.539,2.392
GBR,2020,-10.3,2698.705,40230.545,3219.069,47987.784,2.314
MYS,2019,4.4,365.178,11228.293,967.568,29750.268,0.694
MYS,2020,-5.5,337.456,10400.219,931.106,28696.214,0.669
NZL,2019,3.1,210.761,42273.966,222.517,44631.999,0.16
NZL,2020,-1.4,210.271,41343.891,227.333,44698.69,0.163
LBN,2019,-6.8,50.928,8808.242,125.925,21779.086,0.09
LBN,2020,-24.6,24.976,4410.402,76.825,13566.375,0.055
TJK,2019,7.4,8.301,893.318,32.973,3548.583,0.024
TJK,2020,4.4,8.134,858.445,35.624,3759.648,0.026
DZA,2019,0.9,193.361,4452.856,601.471,13851.117,0.431
DZA,2020,-5,164.774,3757.585,558.3,12731.754,0.401
SOM,2019,2.8,8.655,602.186,24.817,1726.714,0.018
SOM,2020,-2.8,8.628,583.956,24.215,1638.928,0.017
KAZ,2019,4.5,181.667,9812.591,551.108,29767.629,0.395
KAZ,2020,-2.6,171.082,9121.636,565.757,30164.604,0.407
PHL,2019,6.1,376.823,3512.195,988.832,9216.444,0.709
PHL,2020,-9.5,361.751,3312.739,923.367,8455.74,0.664
AZE,2019,2.5,48.174,4841.145,167.158,16798.121,0.12
AZE,2020,-4.2,42.693,4280.429,153.048,15344.671,0.11
BWA,2019,3,16.696,6679.188,37.153,14863.165,0.027
BWA,2020,-8.7,14.93,5863.182,36.107,14179.519,0.026
SLE,2019,5.5,6.519,834.368,20.908,2675.95,0.015
SLE,2020,-1.3,6.682,837.636,21.516,2697.228,0.015
NLD,2019,2.3,929.006,53755.165,1081.371,62571.485,0.776
NLD,2020,-3.9,931.814,53529.218,1091.779,62718.576,0.785
DMA,2019,5.5,0.612,8466.407,1.032,14290.879,0.001
DMA,2020,-16.6,0.504,6872.22,0.917,12505.036,0.001
COL,2019,3.2,323.055,6540.141,807.591,16349.418,0.579
COL,2020,-7.2,270.348,5363.235,785.737,15587.65,0.565
GUY,2019,5.4,5.174,6594.375,10.694,13630.708,0.008
GUY,2020,43.5,5.471,6952.702,13.581,17258.773,0.01
MUS,2019,2.9,14.436,11407.849,30.418,24036.802,0.022
MUS,2020,-14.5,11.408,9010.929,26.999,21325.955,0.019
SAU,2019,1.1,838.565,27892.842,1689.231,56188.195,1.211
SAU,2020,-3.6,734.271,23271.404,1433.572,45434.472,1.03
TUV,2019,13.9,0.054,5276.537,0.052,5084.213,0
TUV,2020,-3.3,0.053,5162.322,0.051,5012.867,0
ARE,2019,1.1,417.99,43981.612,726.239,76416.109,0.521
ARE,2020,-5,349.473,37648.953,614.384,66188.035,0.442
NGA,2019,2.2,474.498,2361.108,1123.348,5589.795,0.806
NGA,2020,-1.8,432.716,2099.135,1145.673,5557.74,0.824
BDI,2019,1.8,3.012,261.294,9.549,828.282,0.007
BDI,2020,0.3,3.086,259.906,9.923,835.666,0.007
PAN,2019,3.3,69.722,16526.419,140.645,33337.593,0.101
PAN,2020,-17.7,57.087,13342.722,116.046,27123.037,0.083
VEN,2019,-27.7,73.003,2624.41,225.73,8114.806,0.162
VEN,2020,-30,43.788,1566.602,160.123,5728.73,0.115
UKR,2019,3.2,154.14,3693.498,604.396,14482.52,0.433
UKR,2020,-3.8,156.579,3780.393,656.106,15840.806,0.472
PRT,2019,2.7,240.013,23333.408,389.286,37845.218,0.279
PRT,2020,-8.3,228.849,22224.61,369.406,35874.813,0.266
BLZ,2019,4.2,2.387,6181.462,4.061,10516.717,0.003
BLZ,2020,-13.7,2.048,5210.543,3.768,9587.38,0.003
SVN,2019,3.5,53.916,25909.807,88.492,42525.562,0.063
SVN,2020,-4.1,53.342,25451.13,87.812,41897.915,0.063
GNB,2019,4.5,1.487,836.954,4.118,2318.515,0.003
GNB,2020,1.5,1.523,838.847,4.201,2314.153,0.003
LUX,2019,2.9,69.898,113860.351,75.27,122611.519,0.054
LUX,2020,-0.9,73.64,117616.151,76.983,122954.959,0.055
NOR,2019,1.1,408.743,76303.683,379.378,70821.812,0.272
NOR,2020,-1.3,367.633,68275.277,361.02,67047.031,0.26
MNE,2019,4.1,5.543,NA,15.016,NA,0.011
MNE,2020,-15.3,4.777,NA,13.05,NA,0.009
PER,2019,2.2,233.004,7251.682,449.103,13977.26,0.322
PER,2020,-10.9,206.461,6328.104,422.98,12964.509,0.304
PAK,2019,3.1,321.071,1500.683,1162.667,5434.295,0.834
PAK,2020,-0.9,300.41,1376.512,1186.294,5435.73,0.853
CMR,2019,3.4,39.673,1533.161,108.174,4180.421,0.078
CMR,2020,0.5,40.863,1539.354,114.508,4313.605,0.082
PNG,2019,4.5,24.751,2314.745,33.923,3172.532,0.024
PNG,2020,-3.2,23.848,2124.796,33.285,2965.522,0.024
MDA,2019,3.6,11.737,4376.654,35.736,13325.644,0.026
MDA,2020,-8.3,11.53,4377.542,35.647,13533.398,0.026
ARM,2019,7.6,13.619,4596.861,44.366,14974.555,0.032
ARM,2020,-7.1,12.642,4268.681,43.553,14706.317,0.031
SGP,2019,1.3,376.902,66081.704,601.968,105542.414,0.432
SGP,2020,-3.9,349.488,61466.819,577.747,101612.09,0.415
ESP,2019,2,1403.651,29798.124,2075.23,44055.069,1.488
ESP,2020,-10.9,1288.751,27214.292,1862.545,39330.971,1.339
MOZ,2019,2.3,15.513,512.216,41.503,1370.398,0.03
MOZ,2020,-1.2,14.235,456.582,43.455,1393.756,0.031
SYC,2019,5.5,1.867,19366.719,3.341,34650.822,0.002
SYC,2020,-11.7,1.384,14235.574,3.058,31455.715,0.002
GIN,2019,5.6,13.443,986.528,40.482,2970.821,0.029
GIN,2020,4.7,14.089,1008.687,44.551,3189.645,0.032
BTN,2019,4.6,2.618,3547.477,9.464,12823.226,0.007
BTN,2020,-2.5,2.586,3469.154,9.884,13261.552,0.007
CYP,2019,5.5,25.95,29626.37,39.411,44995.253,0.028
CYP,2020,-3.4,25.207,28386.27,38.176,42990.901,0.027
LVA,2019,0.6,34.229,17828.071,63.72,33187.953,0.046
LVA,2020,-3.5,34.363,18013.227,64.108,33605.287,0.046
TUN,2019,1.6,41.905,3556.377,148.377,12592.25,0.106
TUN,2020,-9,42.494,3569.972,142.71,11989.274,0.103
AUS,2019,1.8,1388.092,54391.307,1367.848,53598.066,0.981
AUS,2020,-2.1,1364.828,53249.731,1381.255,53890.665,0.993
DNK,2019,1.7,345.402,59489.614,352.325,60682.02,0.253
DNK,2020,-1.8,355.631,61075.932,365.525,62775.249,0.263
ARG,2019,-2,446.762,9941.59,1057.633,23535.013,0.759
ARG,2020,-9.9,385.218,8489.332,1011.999,22302.151,0.727
ECU,2019,0.2,107.596,6199.031,217.496,12530.832,0.156
ECU,2020,-9.2,95.865,5469.758,202.25,11539.698,0.145
IDN,2019,5,1119.1,4192.768,3266.186,12236.943,2.342
IDN,2020,-2.1,1059.055,3919.465,3223.405,11929.526,2.317
LKA,2019,-0.2,89.015,4082.694,307.705,14112.953,0.221
LKA,2020,-4.6,84.304,3846.175,283.652,12940.904,0.204
ALB,2019,2.1,15.399,5395.101,41.723,14618.304,0.03
ALB,2020,-3.3,15.192,5353.303,40.97,14437.1,0.029
MRT,2019,3.1,7.894,1945.05,25.064,6175.817,0.018
MRT,2020,-0.4,8.464,2040.677,26.408,6367.42,0.019
BHS,2019,-1.4,13.016,33778.471,13.974,36264.3,0.01
BHS,2020,-21.4,9.958,25572.518,10.348,26574.634,0.007
MMR,2019,6.8,68.802,1302.277,300.151,5681.22,0.215
MMR,2020,-1.2,77.801,1462.464,310.835,5842.918,0.223
EGY,2019,5.5,317.894,3214.301,1437.312,14532.979,1.031
EGY,2020,3.6,382.525,3802.438,1665.073,16551.424,1.197
IRN,2019,-3.1,241.658,2908.918,1162.001,13987.376,0.833
IRN,2020,3.3,195.528,2326.664,1237.806,14729.12,0.89
GRC,2019,1.9,205.275,19140.612,338.922,31602.312,0.243
GRC,2020,-9.3,188.329,17570.395,311.203,29034.041,0.224
ISR,2019,3.8,400.941,44297.779,374.434,41369.206,0.269
ISR,2020,-1.5,413.196,44842.685,379.638,41200.707,0.273
NER,2019,6.1,12.917,554.124,32.635,1399.988,0.023
NER,2020,3.5,13.764,568.606,35.5,1466.542,0.026
CAF,2019,3,2.278,460.794,4.995,1010.155,0.004
CAF,2020,1,2.389,475.188,5.494,1093.064,0.004
ITA,2019,0.4,2019.83,33767.005,2787.073,46593.584,1.999
ITA,2020,-8.9,1905.954,31956.855,2641.204,44284.674,1.899
SVK,2019,2.5,105.723,19397.274,185.132,33966.575,0.133
SVK,2020,-3.3,106.652,19541.007,191.068,35007.86,0.137
CRI,2019,2.4,64.412,12691.127,116.688,22990.944,0.084
CRI,2020,-4.3,62.382,12163.927,111.258,21694.418,0.08
SWZ,2019,2.7,4.495,4031.719,10.624,9528.422,0.008
SWZ,2020,-1.6,3.984,3535.09,10.717,9510.048,0.008
CIV,2019,6.7,60.383,2173.778,155.524,5598.835,0.112
CIV,2020,0.7,63.119,2209.109,160.303,5610.457,0.115
KGZ,2019,4.6,9.372,1466.956,34.956,5471.463,0.025
KGZ,2020,-7.1,8.283,1270.961,34.834,5345.188,0.025
HRV,2019,3.4,61.871,15220.474,131.43,32332.007,0.094
HRV,2020,-8.5,58.179,14372.314,124.234,30690.102,0.089
AGO,2019,-0.2,94.671,2926.143,277.552,8578.72,0.199
AGO,2020,-4,66.521,1989.939,261.836,7832.731,0.188
CHE,2019,1.2,721.89,84481.041,632.69,74042.073,0.454
CHE,2020,-2.3,741.311,86138.871,630.065,73212.322,0.453
